[INFO] [1666962281.427150]: header: header: 
  seq: 1117
  stamp: 
    secs: 1666962281
    nsecs: 388301588
  frame_id: "laser"
angle_min: -2.34999990463
angle_max: 2.34999990463
angle_increment: 0.00306796166115
time_increment: 3.25520850311e-05
scan_time: 0.0666666701436
range_min: 0.0500000007451
range_max: 30.0
ranges: [inf, inf, inf, inf, inf, inf, inf, inf, inf, 0.11800000071525574, inf, inf, inf, inf, inf, inf, inf, inf, inf, inf, inf, inf, inf, inf, inf, inf, inf, inf, inf, inf, inf, inf, inf, inf, inf, inf, inf, inf, inf, inf, inf, inf, inf, inf, inf, inf, inf, inf, inf, inf, inf, inf, inf, inf, inf, inf, inf, inf, inf, inf, inf, inf, inf, inf, inf, inf, inf, inf, inf, inf, inf, inf, inf, inf, inf, inf, inf, inf, inf, inf, inf, inf, inf, inf, inf, inf, inf, inf, inf, inf, inf, inf, inf, inf, inf, inf, inf, inf, inf, inf, inf, inf, inf, inf, inf, inf, inf, inf, inf, inf, inf, inf, inf, inf, inf, 0.09799999743700027, 0.09799999743700027, inf, inf, inf, inf, inf, inf, inf, inf, inf, inf, inf, inf, inf, inf, inf, inf, inf, inf, inf, inf, inf, inf, inf, inf, inf, inf, inf, inf, inf, inf, inf, inf, inf, inf, inf, inf, inf, inf, inf, inf, inf, inf, inf, inf, inf, inf, inf, inf, inf, inf, inf, inf, inf, inf, inf, inf, inf, inf, inf, inf, inf, inf, inf, inf, inf, inf, inf, inf, inf, inf, 0.11800000071525574, 0.11599999666213989, inf, inf, inf, inf, inf, inf, inf, inf, inf, inf, inf, inf, inf, inf, inf, inf, inf, inf, inf, inf, inf, inf, inf, inf, inf, inf, inf, inf, inf, inf, inf, inf, inf, inf, inf, inf, inf, inf, inf, inf, inf, inf, inf, inf, inf, inf, inf, inf, inf, inf, inf, inf, inf, inf, inf, inf, inf, inf, inf, inf, inf, inf, inf, inf, inf, inf, inf, inf, inf, inf, inf, inf, inf, inf, inf, inf, inf, inf, inf, inf, inf, inf, inf, inf, inf, inf, inf, inf, inf, inf, inf, inf, inf, inf, inf, inf, inf, inf, 4.52400016784668, 4.53000020980835, 4.53000020980835, 4.544000148773193, 4.533999919891357, 4.5279998779296875, 4.5320000648498535, 4.550000190734863, inf, inf, inf, inf, inf, inf, inf, inf, 9.916000366210938, 9.711999893188477, 9.5, 9.288000106811523, 9.119999885559082, 8.928000450134277, 8.732000350952148, 8.592000007629395, 8.413999557495117, 8.28600025177002, 8.12399959564209, 7.973999977111816, inf, inf, inf, inf, inf, inf, 7.105999946594238, 6.978000164031982, 6.880000114440918, 6.881999969482422, 6.883999824523926, 6.883999824523926, 6.889999866485596, 6.9039998054504395, inf, inf, inf, 4.644000053405762, 4.6519999504089355, 4.671999931335449, 4.664000034332275, 4.624000072479248, 4.567999839782715, 4.564000129699707, 4.565999984741211, 4.576000213623047, 4.564000129699707, 4.579999923706055, 4.576000213623047, 4.584000110626221, 4.585999965667725, 4.581999778747559, 4.5980000495910645, 4.5980000495910645, 4.5920000076293945, 4.610000133514404, 4.618000030517578, 4.627999782562256, 4.613999843597412, 4.618000030517578, 4.631999969482422, 4.631999969482422, 4.627999782562256, 4.633999824523926, 4.650000095367432, 4.639999866485596, 4.631999969482422, 4.5879998207092285, 4.538000106811523, 4.486000061035156, 4.449999809265137, 4.4039998054504395, 4.381999969482422, 4.322000026702881, 4.296000003814697, 4.24399995803833, 4.21999979019165, 4.190000057220459, 4.1519999504089355, 4.124000072479248, 4.0980000495910645, 4.053999900817871, 4.021999835968018, 3.9860000610351562, 3.9600000381469727, 3.930000066757202, 3.9100000858306885, 3.869999885559082, 3.8559999465942383, 3.819999933242798, 3.7880001068115234, 3.747999906539917, 3.7320001125335693, 3.7039999961853027, 3.6760001182556152, 3.6480000019073486, 3.628000020980835, 3.5980000495910645, 3.5899999141693115, 3.558000087738037, 3.5480000972747803, 3.509999990463257, 3.497999906539917, 3.4560000896453857, 3.440000057220459, 3.4159998893737793, 3.4000000953674316, 3.369999885559082, 3.3459999561309814, 3.312000036239624, 3.2980000972747803, 3.2880001068115234, 3.2660000324249268, 3.242000102996826, 3.2300000190734863, 3.2060000896453857, 3.197999954223633, 3.1579999923706055, 3.1440000534057617, 3.118000030517578, 3.115999937057495, 3.119999885559082, 3.0820000171661377, 3.052000045776367, 3.0360000133514404, 3.0239999294281006, 3.002000093460083, 2.9760000705718994, 2.9820001125335693, 2.9539999961853027, 2.944000005722046, 2.9260001182556152, 2.9079999923706055, 2.8940000534057617, 2.871999979019165, 2.8580000400543213, 2.8480000495910645, 2.8239998817443848, 2.8239998817443848, 2.7939999103546143, 2.7760000228881836, 2.7760000228881836, 2.76200008392334, 2.753999948501587, 2.7300000190734863, 2.7239999771118164, 2.7079999446868896, 2.691999912261963, 2.6700000762939453, 2.6700000762939453, 2.6619999408721924, 2.6519999504089355, 2.6440000534057617, 2.625999927520752, 2.6040000915527344, 2.5920000076293945, 2.5759999752044678, 2.572000026702881, 2.562000036239624, 2.552000045776367, 2.5299999713897705, 2.5199999809265137, 2.5139999389648438, 2.4860000610351562, 2.492000102996826, 2.4739999771118164, 2.4760000705718994, 2.450000047683716, 2.4679999351501465, 2.440000057220459, 2.431999921798706, 2.4200000762939453, 2.4059998989105225, 2.4079999923706055, 2.385999917984009, 2.375999927520752, 2.384000062942505, 2.371999979019165, 2.3559999465942383, 2.3380000591278076, 2.3299999237060547, 2.322000026702881, 2.319999933242798, 2.313999891281128, 2.309999942779541, 2.299999952316284, 2.2679998874664307, 2.2739999294281006, 2.2639999389648438, 2.2660000324249268, 2.242000102996826, 2.2339999675750732, 2.2260000705718994, 2.2320001125335693, 2.2119998931884766, 2.2019999027252197, 2.2079999446868896, 2.181999921798706, 2.1679999828338623, 2.1679999828338623, 2.1579999923706055, 2.1559998989105225, 2.1419999599456787, 2.125999927520752, 2.125999927520752, 2.134000062942505, 2.130000114440918, 2.115999937057495, 2.114000082015991, 2.1040000915527344, 2.0880000591278076, 2.072000026702881, 2.0739998817443848, 2.062000036239624, 2.059999942779541, 2.053999900817871, 2.049999952316284, 2.049999952316284, 2.0439999103546143, 2.0360000133514404, 2.0220000743865967, 2.0160000324249268, 2.0160000324249268, 2.0199999809265137, 2.009999990463257, 2.009999990463257, 2.002000093460083, 1.9919999837875366, 1.9819999933242798, 1.9739999771118164, 1.9819999933242798, 1.9819999933242798, 1.972000002861023, 1.9479999542236328, 1.9459999799728394, 1.934000015258789, 1.9539999961853027, 1.934000015258789, 1.937999963760376, 1.940000057220459, 1.9119999408721924, 1.9119999408721924, 1.9079999923706055, 1.906000018119812, 1.8980000019073486, 1.9040000438690186, 1.8860000371932983, 1.8839999437332153, 1.8739999532699585, 1.8700000047683716, 1.8580000400543213, 1.8680000305175781, 1.8559999465942383, 1.8580000400543213, 1.8480000495910645, 1.8320000171661377, 1.8459999561309814, 1.8300000429153442, 1.843999981880188, 1.8339999914169312, 1.8179999589920044, 1.8220000267028809, 1.8079999685287476, 1.8079999685287476, 1.8179999589920044, 1.805999994277954, 1.805999994277954, 1.8020000457763672, 1.7940000295639038, 1.7899999618530273, 1.781999945640564, 1.784000039100647, 1.7860000133514404, 1.781999945640564, 1.7660000324249268, 1.7699999809265137, 1.7580000162124634, 1.7519999742507935, 1.7599999904632568, 1.7400000095367432, 1.75, 1.7300000190734863, 1.7400000095367432, 1.7380000352859497, 1.718000054359436, 1.7300000190734863, 1.7359999418258667, 1.718000054359436, 1.718000054359436, 1.718000054359436, 1.7059999704360962, 1.7020000219345093, 1.7100000381469727, 1.7079999446868896, 1.687999963760376, 1.690000057220459, 1.690000057220459, 1.7000000476837158, 1.694000005722046, 1.6759999990463257, 1.6799999475479126, 1.659999966621399, 1.6640000343322754, 1.6779999732971191, 1.6640000343322754, 1.6540000438690186, 1.6660000085830688, 1.6540000438690186, 1.6540000438690186, 1.6480000019073486, 1.6540000438690186, 1.649999976158142, 1.649999976158142, 1.6419999599456787, 1.6440000534057617, 1.6260000467300415, 1.628000020980835, 1.6339999437332153, 1.6299999952316284, 1.6380000114440918, 1.6319999694824219, 1.6200000047683716, 1.6200000047683716, 1.6180000305175781, 1.6019999980926514, 1.6019999980926514, 1.6160000562667847, 1.6139999628067017, 1.600000023841858, 1.6019999980926514, 1.6019999980926514, 1.600000023841858, 1.6039999723434448, 1.5859999656677246, 1.5800000429153442, 1.5920000076293945, 1.5839999914169312, 1.5800000429153442, 1.5720000267028809, 1.5720000267028809, 1.5700000524520874, 1.5700000524520874, 1.5800000429153442, 1.565999984741211, 1.565999984741211, 1.5640000104904175, 1.565999984741211, 1.5499999523162842, 1.5499999523162842, 1.555999994277954, 1.5520000457763672, 1.5440000295639038, 1.5440000295639038, 1.5499999523162842, 1.5420000553131104, 1.5460000038146973, 1.5440000295639038, 1.5360000133514404, 1.5420000553131104, 1.5460000038146973, 1.5420000553131104, 1.534000039100647, 1.5460000038146973, 1.5460000038146973, 1.534000039100647, 1.5219999551773071, 1.5240000486373901, 1.5199999809265137, 1.5199999809265137, 1.5219999551773071, 1.5119999647140503, 1.527999997138977, 1.5160000324249268, 1.5080000162124634, 1.5219999551773071, 1.5240000486373901, 1.5080000162124634, 1.5140000581741333, 1.5140000581741333, 1.5080000162124634, 1.50600004196167, 1.49399995803833, 1.4900000095367432, 1.5140000581741333, 1.5080000162124634, 1.49399995803833, 1.49399995803833, 1.496000051498413, 1.4880000352859497, 1.49399995803833, 1.49399995803833, 1.4880000352859497, 1.4880000352859497, 1.49399995803833, 1.4880000352859497, 1.4859999418258667, 1.4780000448226929, 1.49399995803833, 1.49399995803833, 1.4780000448226929, 1.4839999675750732, 1.4780000448226929, 1.4839999675750732, 1.4739999771118164, 1.4739999771118164, 1.465999960899353, 1.472000002861023, 1.4780000448226929, 1.4639999866485596, 1.4639999866485596, 1.4639999866485596, 1.4639999866485596, 1.4639999866485596, 1.4780000448226929, 1.4639999866485596, 1.465999960899353, 1.4639999866485596, 1.4579999446868896, 1.472000002861023, 1.4639999866485596, 1.4559999704360962, 1.4639999866485596, 1.465999960899353, 1.4559999704360962, 1.4500000476837158, 1.4579999446868896, 1.4579999446868896, 1.4500000476837158, 1.4579999446868896, 1.4579999446868896, 1.444000005722046, 1.4579999446868896, 1.4520000219345093, 1.468000054359436, 1.4539999961853027, 1.4500000476837158, 1.4579999446868896, 1.4500000476837158, 1.444000005722046, 1.4500000476837158, 1.4520000219345093, 1.4579999446868896, 1.4500000476837158, 1.4520000219345093, 1.4579999446868896, 1.4520000219345093, 1.444000005722046, 1.4579999446868896, 1.4500000476837158, 1.4500000476837158, 1.4579999446868896, 1.4500000476837158, 1.4500000476837158, 1.4559999704360962, 1.4459999799728394, 1.4459999799728394, 1.4479999542236328, 1.4359999895095825, 1.434000015258789, 1.4459999799728394, 1.444000005722046, 1.4520000219345093, 1.4459999799728394, 1.444000005722046, 1.4199999570846558, 1.4520000219345093, 1.4500000476837158, 1.4299999475479126, 1.4279999732971191, 1.434000015258789, 1.444000005722046, 1.444000005722046, 1.4579999446868896, 1.4279999732971191, 1.4359999895095825, 1.4459999799728394, 1.444000005722046, 1.444000005722046, 1.4359999895095825, 1.434000015258789, 1.444000005722046, 1.4600000381469727, 1.4359999895095825, 1.434000015258789, 1.4299999475479126, 1.4479999542236328, 1.4420000314712524, 1.4500000476837158, 1.4279999732971191, 1.4500000476837158, 1.444000005722046, 1.4459999799728394, 1.4539999961853027, 1.444000005722046, 1.4420000314712524, 1.4459999799728394, 1.4459999799728394, 1.444000005722046, 1.4579999446868896, 1.4459999799728394, 1.4500000476837158, 1.4520000219345093, 1.4500000476837158, 1.4500000476837158, 1.444000005722046, 1.4500000476837158, 1.444000005722046, 1.4520000219345093, 1.4579999446868896, 1.437999963760376, 1.465999960899353, 1.4420000314712524, 1.4579999446868896, 1.4600000381469727, 1.4600000381469727, 1.4639999866485596, 1.4579999446868896, 1.4500000476837158, 1.4500000476837158, 1.4579999446868896, 1.4579999446868896, 1.4600000381469727, 1.4600000381469727, 1.444000005722046, 1.4539999961853027, 1.4600000381469727, 1.4500000476837158, 1.4639999866485596, 1.4500000476837158, 1.4600000381469727, 1.4639999866485596, 1.4639999866485596, 1.4639999866485596, 1.4620000123977661, 1.4579999446868896, 1.4639999866485596, 1.472000002861023, 1.4739999771118164, 1.465999960899353, 1.4620000123977661, 1.472000002861023, 1.4859999418258667, 1.472000002861023, 1.4800000190734863, 1.4759999513626099, 1.4780000448226929, 1.465999960899353, 1.4880000352859497, 1.472000002861023, 1.4800000190734863, 1.4880000352859497, 1.4880000352859497, 1.4900000095367432, 1.4900000095367432, 1.4859999418258667, 1.4859999418258667, 1.4859999418258667, 1.4919999837875366, 1.4819999933242798, 1.4900000095367432, 1.496000051498413, 1.503999948501587, 1.49399995803833, 1.5099999904632568, 1.5099999904632568, 1.4880000352859497, 1.496000051498413, 1.5080000162124634, 1.5099999904632568, 1.49399995803833, 1.5080000162124634, 1.5119999647140503, 1.5160000324249268, 1.5140000581741333, 1.5160000324249268, 1.5080000162124634, 1.5140000581741333, 1.5240000486373901, 1.5160000324249268, 1.5080000162124634, 1.5219999551773071, 1.5240000486373901, 1.5160000324249268, 1.527999997138977, 1.527999997138977, 1.5379999876022339, 1.5379999876022339, 1.5219999551773071, 1.5219999551773071, 1.5440000295639038, 1.5460000038146973, 1.5379999876022339, 1.527999997138977, 1.5460000038146973, 1.5440000295639038, 1.5440000295639038, 1.5399999618530273, 1.5440000295639038, 1.5440000295639038, 1.5499999523162842, 1.565999984741211, 1.5440000295639038, 1.5640000104904175, 1.5640000104904175, 1.5640000104904175, 1.5700000524520874, 1.5700000524520874, 1.5679999589920044, 1.5700000524520874, 1.5700000524520874, 1.5759999752044678, 1.5759999752044678, 1.5779999494552612, 1.5759999752044678, 1.5880000591278076, 1.5839999914169312, 1.5980000495910645, 1.5920000076293945, 1.593999981880188, 1.600000023841858, 1.5959999561309814, 1.600000023841858, 1.6059999465942383, 1.6080000400543213, 1.6139999628067017, 1.6119999885559082, 1.6059999465942383, 1.6039999723434448, 1.6200000047683716, 1.6200000047683716, 1.6180000305175781, 1.6339999437332153, 1.6200000047683716, 1.628000020980835, 1.6180000305175781, 1.6380000114440918, 1.6480000019073486, 1.6319999694824219, 1.6460000276565552, 1.6480000019073486, 1.6540000438690186, 1.656000018119812, 1.6619999408721924, 1.6540000438690186, 1.6640000343322754, 1.6540000438690186, 1.6759999990463257, 1.6679999828338623, 1.6779999732971191, 1.6619999408721924, 1.6759999990463257, 1.684000015258789, 1.694000005722046, 1.6799999475479126, 1.6959999799728394, 1.694000005722046, 1.7039999961853027, 1.6920000314712524, 1.7079999446868896, 1.7039999961853027, 1.7139999866485596, 1.715999960899353, 1.7200000286102295, 1.7200000286102295, 1.7120000123977661, 1.7200000286102295, 1.7359999418258667, 1.7380000352859497, 1.7339999675750732, 1.7419999837875366, 1.7400000095367432, 1.7419999837875366, 1.7480000257492065, 1.7400000095367432, 1.7699999809265137, 1.7719999551773071, 1.7760000228881836, 1.7760000228881836, 1.7699999809265137, 1.7860000133514404, 1.7899999618530273, 1.7879999876022339, 1.7899999618530273, 1.7979999780654907, 1.7979999780654907, 1.8040000200271606, 1.809999942779541, 1.8200000524520874, 1.8279999494552612, 1.8140000104904175, 1.8259999752044678, 1.8300000429153442, 1.8359999656677246, 1.8480000495910645, 1.8459999561309814, 1.8619999885559082, 1.840000033378601, 1.8619999885559082, 1.8680000305175781, 1.8680000305175781, 1.8760000467300415, 1.8819999694824219, 1.8880000114440918, 1.8919999599456787, 1.8919999599456787, 1.9019999504089355, 1.9019999504089355, 1.9119999408721924, 1.9220000505447388, 1.9179999828338623, 1.9240000247955322, 1.934000015258789, 1.9320000410079956, 1.9459999799728394, 1.940000057220459, 1.9459999799728394, 1.9539999961853027, 1.9700000286102295, 1.965999960899353, 1.9759999513626099, 1.972000002861023, 1.9780000448226929, 1.996000051498413, 1.9980000257492065, 1.9980000257492065, 2.009999990463257, 2.0179998874664307, 2.0179998874664307, 2.01200008392334, 2.0339999198913574, 2.0199999809265137, 2.0439999103546143, 2.062000036239624, 2.0739998817443848, 2.0759999752044678, 2.058000087738037, 2.0820000171661377, 2.0759999752044678, 2.0820000171661377, 2.0959999561309814, 2.109999895095825, 2.1019999980926514, 2.114000082015991, 2.119999885559082, 2.119999885559082, 2.138000011444092, 2.134000062942505, 2.138000011444092, 2.1659998893737793, 2.1640000343322754, 2.1659998893737793, 2.194000005722046, 2.180000066757202, 2.2119998931884766, 2.196000099182129, 2.200000047683716, 2.2219998836517334, 2.2300000190734863, 2.2260000705718994, 2.252000093460083, 2.242000102996826, 2.257999897003174, 2.2799999713897705, 2.2720000743865967, 2.2780001163482666, 2.305999994277954, 2.308000087738037, 2.3259999752044678, 2.328000068664551, 2.328000068664551, 2.3320000171661377, 2.3540000915527344, 2.359999895095825, 2.368000030517578, 2.384000062942505, 2.381999969482422, 2.3959999084472656, 2.4100000858306885, 2.4140000343322754, 2.421999931335449, 2.440000057220459, 2.447999954223633, 2.4700000286102295, 2.4679999351501465, 2.4739999771118164, 2.5, 2.503999948501587, 2.5220000743865967, 2.5460000038146973, 2.549999952316284, 2.549999952316284, 2.565999984741211, 2.569999933242798, 2.568000078201294, 2.5859999656677246, 2.6080000400543213, 2.621999979019165, 2.638000011444092, 2.6540000438690186, 2.6640000343322754, 2.6659998893737793, 2.680000066757202, 2.7019999027252197, 2.696000099182129, 2.7320001125335693, 2.7300000190734863, 2.75, 2.753999948501587, 2.7679998874664307, 2.7780001163482666, 2.812000036239624, 2.819999933242798, 2.8239998817443848, 2.8459999561309814, 2.864000082015991, 2.864000082015991, 2.8980000019073486, 2.9119999408721924, 2.9159998893737793, 2.944000005722046, 2.9519999027252197, 2.9560000896453857, 2.9800000190734863, 3.009999990463257, 3.0160000324249268, 3.0299999713897705, 3.059999942779541, 3.078000068664551, 3.0880000591278076, 3.114000082015991, 3.130000114440918, 3.1419999599456787, 3.1760001182556152, 3.181999921798706, 3.2019999027252197, 3.2179999351501465, 3.247999906539917, 3.2780001163482666, 3.2660000324249268, 3.2960000038146973, 3.3259999752044678, 3.3380000591278076, 3.3540000915527344, 3.3940000534057617, 3.4159998893737793, 3.436000108718872, 3.450000047683716, 3.4739999771118164, 3.4839999675750732, 3.5220000743865967, 3.5399999618530273, 3.568000078201294, 3.6040000915527344, 3.614000082015991, 3.6459999084472656, 3.671999931335449, 3.697999954223633, 3.7239999771118164, 3.746000051498413, 3.7839999198913574, 3.7920000553131104, 3.8399999141693115, 3.869999885559082, 3.9000000953674316, 3.927999973297119, 3.9700000286102295, 3.98799991607666, 4.01800012588501, 4.059999942779541, 4.065999984741211, inf, inf, inf, inf, 6.400000095367432, 6.409999847412109, 6.406000137329102, 6.388000011444092, 6.380000114440918, 6.375999927520752, 6.389999866485596, 6.369999885559082, 6.355999946594238, 6.369999885559082, 6.357999801635742, 6.340000152587891, 6.3379998207092285, 6.3379998207092285, 6.320000171661377, 6.323999881744385, 6.322000026702881, 6.297999858856201, 6.302000045776367, 6.302000045776367, 6.291999816894531, 6.28000020980835, 6.283999919891357, 6.2779998779296875, 6.271999835968018, 6.26200008392334, 6.263999938964844, 6.230000019073486, 6.245999813079834, 6.245999813079834, 6.23799991607666, 6.230000019073486, 6.23199987411499, 6.216000080108643, 6.21999979019165, 6.2220001220703125, 6.197999954223633, 6.2179999351501465, 6.306000232696533, 6.394000053405762, 6.486000061035156, 6.578000068664551, 6.676000118255615, 6.76200008392334, 6.872000217437744, 6.9720001220703125, 7.076000213623047, 7.177999973297119, 7.289999961853027, 7.4019999504089355, 7.53000020980835, 7.6539998054504395, 7.788000106811523, 7.900000095367432, 8.026000022888184, 8.184000015258789, 8.312000274658203, 8.446000099182129, 8.607999801635742, 8.776000022888184, 8.930000305175781, 9.071999549865723, 9.065999984741211, 8.814000129699707, inf, inf, inf, inf, inf, inf, inf, 11.345999717712402, 11.581999778747559, 11.923999786376953, 12.223999977111816, 12.666000366210938, 13.003999710083008, 13.206000328063965, 13.253999710083008, 13.265999794006348, 13.258000373840332, 13.265999794006348, 13.293999671936035, 13.34000015258789, 13.359999656677246, 13.331999778747559, inf, inf, inf, inf, inf, inf, inf, inf, 13.510000228881836, 13.402000427246094, 13.381999969482422, 13.345999717712402, 13.362000465393066, 13.359999656677246, 13.345999717712402, 13.338000297546387, 13.315999984741211, 13.314000129699707, 13.314000129699707, 13.303999900817871, 13.314000129699707, 13.317999839782715, 13.329999923706055, 13.342000007629395, 13.350000381469727, 13.371999740600586, 13.369999885559082, inf, inf, 11.215999603271484, 11.218000411987305, inf, inf, 9.333999633789062, 9.137999534606934, 8.979999542236328, 9.013999938964844, 8.87600040435791, inf, inf, inf, inf, 9.371999740600586, 9.324000358581543, 9.166000366210938, 9.005999565124512, 8.970000267028809, 8.925999641418457, 8.918000221252441, 8.907999992370605, 8.904000282287598, 8.894000053405762, 8.87399959564209, 8.845999717712402, inf, inf, inf, inf, inf, inf, inf, inf, inf, inf, inf, inf, 8.61400032043457, 8.592000007629395, inf, inf, inf, inf, inf, 8.802000045776367, 8.776000022888184, 8.776000022888184, 8.736000061035156, 8.694000244140625, 8.661999702453613, 8.673999786376953, 8.718000411987305, inf, inf, inf, inf, inf, 9.538000106811523, 9.550000190734863, 9.54800033569336, 9.5600004196167, 9.555999755859375, 9.576000213623047, 9.588000297546387, 9.597999572753906, 9.600000381469727, 9.600000381469727, 9.597999572753906, 9.619999885559082, 9.616000175476074, 9.633999824523926, 9.628000259399414, 9.64799976348877, 9.652000427246094, 9.654000282287598, 9.666000366210938, 9.663999557495117, 9.682000160217285, 9.682000160217285, 9.684000015258789, 9.711999893188477, 9.708000183105469, 9.711999893188477, 9.727999687194824, 9.741999626159668, 9.729999542236328, 9.755999565124512, 9.755999565124512, 9.76200008392334, 9.763999938964844, 9.795999526977539, 9.789999961853027, 9.79800033569336, 9.807999610900879, 9.824000358581543, 9.826000213623047, 9.831999778747559, 9.845999717712402, 9.855999946594238, 9.855999946594238, 9.881999969482422, 9.878000259399414, 9.899999618530273, 9.911999702453613, 9.911999702453613, 9.920000076293945, 9.932000160217285, 9.934000015258789, 9.944000244140625, 9.968000411987305, 9.965999603271484, 9.973999977111816, 9.994000434875488, 10.003999710083008, 10.022000312805176, 10.039999961853027, 10.041999816894531, 10.057999610900879, 10.0600004196167, 10.079999923706055, 10.095999717712402, 10.107999801635742, 10.112000465393066, 10.133999824523926, 10.142000198364258, 10.133999824523926, 10.057999610900879, 9.934000015258789, 9.871999740600586, 9.821999549865723, 9.79800033569336, 9.795999526977539, 9.866000175476074, 10.211999893188477, 10.255999565124512, 10.281999588012695, 10.291999816894531, 10.312000274658203, 10.324000358581543, 10.331999778747559, 10.369999885559082, 10.369999885559082, 10.381999969482422, 10.411999702453613, 10.42199993133545, 10.423999786376953, 10.446000099182129, 10.472000122070312, 10.472000122070312, 10.47599983215332, inf, inf, inf, inf, 4.323999881744385, 4.323999881744385, 4.285999774932861, 4.269999980926514, 4.254000186920166, 4.223999977111816, 4.203999996185303, 4.165999889373779, 4.164000034332275, 4.1519999504089355, 4.113999843597412, 4.0879998207092285, 4.061999797821045, 4.047999858856201, 4.026000022888184, 4.010000228881836, 3.992000102996826, 3.9719998836517334, 3.947999954223633, 3.934000015258789, 3.8980000019073486, 3.8919999599456787, 3.875999927520752, 3.8459999561309814, 3.8480000495910645, 3.802000045776367, 3.7980000972747803, 3.7760000228881836, 3.7799999713897705, 3.747999906539917, 3.7160000801086426, 3.7119998931884766, 3.687999963760376, 3.6540000438690186, 3.640000104904175, 3.6440000534057617, 3.615999937057495, 3.6080000400543213, 3.5899999141693115, 3.563999891281128, 3.559999942779541, 3.549999952316284, 3.5220000743865967, 3.5160000324249268, 3.497999906539917, 3.4800000190734863, 3.4639999866485596, 3.4600000381469727, 3.4260001182556152, 3.4119999408721924, 3.4100000858306885, 3.3919999599456787, 3.385999917984009, 3.368000030517578, 3.3540000915527344, 3.3420000076293945, 3.318000078201294, 3.315999984741211, 3.2960000038146973, 3.2880001068115234, 3.2780001163482666, 3.246000051498413, 3.23799991607666, 3.2339999675750732, 3.2179999351501465, 3.2060000896453857, 3.184000015258789, 3.177999973297119, 3.1740000247955322, 3.1659998893737793, 3.1519999504089355, 3.1440000534057617, 3.135999917984009, 3.118000030517578, 3.1040000915527344, 3.1059999465942383, 3.0899999141693115, 3.0840001106262207, 3.0739998817443848, 3.059999942779541, 3.058000087738037, 3.0439999103546143, 3.0299999713897705, 3.0260000228881836, 3.00600004196167, 3.003999948501587, 2.9800000190734863, 2.9779999256134033, 2.9619998931884766, 2.9519999027252197, 2.9519999027252197, 2.944000005722046, 2.921999931335449]
intensities: [0.0, 0.0, 0.0, 0.0, 0.0, 0.0, 0.0, 0.0, 0.0, 74.0, 0.0, 0.0, 0.0, 0.0, 0.0, 0.0, 0.0, 0.0, 0.0, 0.0, 0.0, 0.0, 0.0, 0.0, 0.0, 0.0, 0.0, 0.0, 0.0, 0.0, 0.0, 0.0, 0.0, 0.0, 0.0, 0.0, 0.0, 0.0, 0.0, 0.0, 0.0, 0.0, 0.0, 0.0, 0.0, 0.0, 0.0, 0.0, 0.0, 0.0, 0.0, 0.0, 0.0, 0.0, 0.0, 0.0, 0.0, 0.0, 0.0, 0.0, 0.0, 0.0, 0.0, 0.0, 0.0, 0.0, 0.0, 0.0, 0.0, 0.0, 0.0, 0.0, 0.0, 0.0, 0.0, 0.0, 0.0, 0.0, 0.0, 0.0, 0.0, 0.0, 0.0, 0.0, 0.0, 0.0, 0.0, 0.0, 0.0, 0.0, 0.0, 0.0, 0.0, 0.0, 0.0, 0.0, 0.0, 0.0, 0.0, 0.0, 0.0, 0.0, 0.0, 0.0, 0.0, 0.0, 0.0, 0.0, 0.0, 0.0, 0.0, 0.0, 0.0, 0.0, 0.0, 84.0, 84.0, 0.0, 0.0, 0.0, 0.0, 0.0, 0.0, 0.0, 0.0, 0.0, 0.0, 0.0, 0.0, 0.0, 0.0, 0.0, 0.0, 0.0, 0.0, 0.0, 0.0, 0.0, 0.0, 0.0, 0.0, 0.0, 0.0, 0.0, 0.0, 0.0, 0.0, 0.0, 0.0, 0.0, 0.0, 0.0, 0.0, 0.0, 0.0, 0.0, 0.0, 0.0, 0.0, 0.0, 0.0, 0.0, 0.0, 0.0, 0.0, 0.0, 0.0, 0.0, 0.0, 0.0, 0.0, 0.0, 0.0, 0.0, 0.0, 0.0, 0.0, 0.0, 0.0, 0.0, 0.0, 0.0, 0.0, 0.0, 0.0, 0.0, 0.0, 85.0, 86.0, 0.0, 0.0, 0.0, 0.0, 0.0, 0.0, 0.0, 0.0, 0.0, 0.0, 0.0, 0.0, 0.0, 0.0, 0.0, 0.0, 0.0, 0.0, 0.0, 0.0, 0.0, 0.0, 0.0, 0.0, 0.0, 0.0, 0.0, 0.0, 0.0, 0.0, 0.0, 0.0, 0.0, 0.0, 0.0, 0.0, 0.0, 0.0, 0.0, 0.0, 0.0, 0.0, 0.0, 0.0, 0.0, 0.0, 0.0, 0.0, 0.0, 0.0, 0.0, 0.0, 0.0, 0.0, 0.0, 0.0, 0.0, 0.0, 0.0, 0.0, 0.0, 0.0, 0.0, 0.0, 0.0, 0.0, 0.0, 0.0, 0.0, 0.0, 0.0, 0.0, 0.0, 0.0, 0.0, 0.0, 0.0, 0.0, 0.0, 0.0, 0.0, 0.0, 0.0, 0.0, 0.0, 0.0, 0.0, 0.0, 0.0, 0.0, 0.0, 0.0, 0.0, 0.0, 0.0, 0.0, 0.0, 0.0, 134.0, 135.0, 139.0, 134.0, 135.0, 123.0, 108.0, 103.0, 0.0, 0.0, 0.0, 0.0, 0.0, 0.0, 0.0, 0.0, 24.0, 29.0, 31.0, 33.0, 35.0, 34.0, 38.0, 39.0, 40.0, 40.0, 40.0, 41.0, 0.0, 0.0, 0.0, 0.0, 0.0, 0.0, 48.0, 51.0, 57.0, 62.0, 64.0, 65.0, 65.0, 65.0, 0.0, 0.0, 0.0, 111.0, 81.0, 84.0, 84.0, 82.0, 82.0, 81.0, 84.0, 85.0, 84.0, 83.0, 83.0, 83.0, 83.0, 85.0, 83.0, 84.0, 85.0, 84.0, 83.0, 83.0, 85.0, 86.0, 84.0, 85.0, 84.0, 84.0, 84.0, 84.0, 80.0, 78.0, 75.0, 73.0, 73.0, 72.0, 72.0, 73.0, 76.0, 74.0, 75.0, 74.0, 75.0, 74.0, 75.0, 74.0, 76.0, 76.0, 75.0, 76.0, 75.0, 76.0, 76.0, 78.0, 77.0, 78.0, 76.0, 77.0, 77.0, 78.0, 78.0, 79.0, 79.0, 79.0, 79.0, 80.0, 79.0, 80.0, 80.0, 80.0, 80.0, 80.0, 80.0, 80.0, 81.0, 81.0, 81.0, 82.0, 81.0, 81.0, 81.0, 80.0, 82.0, 82.0, 82.0, 81.0, 81.0, 82.0, 82.0, 82.0, 83.0, 83.0, 83.0, 85.0, 84.0, 83.0, 83.0, 83.0, 84.0, 83.0, 82.0, 83.0, 85.0, 85.0, 84.0, 83.0, 84.0, 86.0, 85.0, 83.0, 85.0, 85.0, 85.0, 85.0, 85.0, 84.0, 84.0, 85.0, 86.0, 86.0, 84.0, 85.0, 86.0, 86.0, 86.0, 87.0, 86.0, 88.0, 86.0, 86.0, 86.0, 85.0, 86.0, 87.0, 88.0, 87.0, 87.0, 87.0, 87.0, 86.0, 87.0, 88.0, 88.0, 87.0, 86.0, 89.0, 88.0, 87.0, 88.0, 87.0, 88.0, 89.0, 89.0, 88.0, 88.0, 87.0, 88.0, 88.0, 89.0, 89.0, 88.0, 87.0, 88.0, 89.0, 88.0, 90.0, 89.0, 87.0, 88.0, 90.0, 89.0, 90.0, 91.0, 89.0, 89.0, 90.0, 90.0, 90.0, 89.0, 89.0, 90.0, 90.0, 89.0, 89.0, 90.0, 92.0, 91.0, 91.0, 92.0, 91.0, 91.0, 91.0, 91.0, 91.0, 93.0, 91.0, 91.0, 91.0, 92.0, 92.0, 91.0, 91.0, 92.0, 93.0, 93.0, 91.0, 93.0, 92.0, 94.0, 94.0, 92.0, 93.0, 93.0, 94.0, 92.0, 94.0, 92.0, 94.0, 94.0, 93.0, 93.0, 95.0, 94.0, 94.0, 94.0, 94.0, 94.0, 95.0, 96.0, 94.0, 94.0, 94.0, 95.0, 95.0, 95.0, 94.0, 94.0, 94.0, 94.0, 95.0, 94.0, 95.0, 95.0, 95.0, 96.0, 95.0, 96.0, 94.0, 95.0, 97.0, 97.0, 94.0, 95.0, 97.0, 95.0, 96.0, 96.0, 96.0, 97.0, 95.0, 97.0, 95.0, 96.0, 97.0, 96.0, 95.0, 96.0, 96.0, 94.0, 97.0, 95.0, 96.0, 95.0, 97.0, 96.0, 95.0, 95.0, 96.0, 96.0, 99.0, 96.0, 98.0, 97.0, 97.0, 97.0, 97.0, 98.0, 97.0, 98.0, 97.0, 97.0, 96.0, 97.0, 97.0, 97.0, 96.0, 97.0, 96.0, 99.0, 98.0, 97.0, 98.0, 99.0, 98.0, 98.0, 98.0, 96.0, 97.0, 97.0, 97.0, 98.0, 97.0, 98.0, 97.0, 98.0, 96.0, 97.0, 97.0, 96.0, 99.0, 99.0, 98.0, 99.0, 100.0, 97.0, 98.0, 99.0, 98.0, 98.0, 97.0, 100.0, 98.0, 97.0, 97.0, 98.0, 97.0, 97.0, 97.0, 99.0, 99.0, 99.0, 98.0, 97.0, 99.0, 98.0, 99.0, 97.0, 99.0, 99.0, 99.0, 97.0, 98.0, 98.0, 99.0, 98.0, 98.0, 99.0, 96.0, 98.0, 98.0, 99.0, 99.0, 98.0, 99.0, 97.0, 98.0, 98.0, 98.0, 98.0, 99.0, 99.0, 98.0, 98.0, 98.0, 98.0, 98.0, 98.0, 98.0, 97.0, 97.0, 97.0, 99.0, 98.0, 98.0, 98.0, 97.0, 99.0, 99.0, 98.0, 97.0, 99.0, 100.0, 97.0, 98.0, 100.0, 98.0, 99.0, 97.0, 97.0, 98.0, 98.0, 97.0, 98.0, 98.0, 97.0, 98.0, 97.0, 98.0, 99.0, 97.0, 98.0, 98.0, 99.0, 98.0, 98.0, 97.0, 98.0, 98.0, 97.0, 99.0, 98.0, 98.0, 99.0, 98.0, 98.0, 97.0, 98.0, 99.0, 98.0, 100.0, 98.0, 98.0, 97.0, 97.0, 98.0, 98.0, 98.0, 98.0, 101.0, 98.0, 98.0, 98.0, 100.0, 99.0, 98.0, 99.0, 98.0, 97.0, 97.0, 98.0, 98.0, 98.0, 98.0, 99.0, 99.0, 98.0, 99.0, 99.0, 98.0, 99.0, 97.0, 97.0, 98.0, 98.0, 98.0, 97.0, 99.0, 98.0, 99.0, 98.0, 99.0, 99.0, 98.0, 99.0, 98.0, 101.0, 99.0, 98.0, 98.0, 98.0, 98.0, 97.0, 99.0, 98.0, 99.0, 98.0, 98.0, 98.0, 100.0, 97.0, 97.0, 98.0, 98.0, 98.0, 99.0, 98.0, 98.0, 100.0, 98.0, 99.0, 100.0, 100.0, 98.0, 97.0, 99.0, 98.0, 99.0, 99.0, 98.0, 97.0, 96.0, 98.0, 99.0, 99.0, 98.0, 99.0, 99.0, 99.0, 98.0, 98.0, 99.0, 98.0, 97.0, 99.0, 97.0, 98.0, 98.0, 98.0, 101.0, 98.0, 98.0, 98.0, 98.0, 100.0, 99.0, 98.0, 100.0, 97.0, 99.0, 97.0, 100.0, 99.0, 97.0, 98.0, 98.0, 98.0, 98.0, 99.0, 99.0, 98.0, 97.0, 98.0, 98.0, 98.0, 98.0, 97.0, 99.0, 98.0, 98.0, 98.0, 99.0, 97.0, 99.0, 98.0, 99.0, 98.0, 98.0, 98.0, 96.0, 97.0, 100.0, 99.0, 98.0, 98.0, 96.0, 97.0, 97.0, 98.0, 96.0, 99.0, 98.0, 97.0, 98.0, 98.0, 97.0, 97.0, 97.0, 97.0, 98.0, 98.0, 97.0, 97.0, 98.0, 96.0, 98.0, 98.0, 97.0, 97.0, 98.0, 96.0, 96.0, 96.0, 96.0, 98.0, 96.0, 97.0, 97.0, 96.0, 96.0, 96.0, 95.0, 97.0, 98.0, 96.0, 96.0, 96.0, 95.0, 97.0, 97.0, 96.0, 96.0, 96.0, 95.0, 96.0, 96.0, 96.0, 95.0, 95.0, 95.0, 95.0, 95.0, 95.0, 96.0, 96.0, 97.0, 96.0, 95.0, 96.0, 96.0, 98.0, 95.0, 95.0, 95.0, 95.0, 95.0, 94.0, 98.0, 96.0, 95.0, 95.0, 95.0, 93.0, 94.0, 95.0, 95.0, 94.0, 95.0, 96.0, 95.0, 95.0, 94.0, 96.0, 95.0, 97.0, 95.0, 95.0, 95.0, 96.0, 96.0, 94.0, 97.0, 95.0, 95.0, 94.0, 94.0, 94.0, 96.0, 94.0, 94.0, 95.0, 93.0, 95.0, 94.0, 94.0, 94.0, 94.0, 93.0, 94.0, 93.0, 96.0, 93.0, 93.0, 94.0, 94.0, 94.0, 94.0, 93.0, 94.0, 93.0, 94.0, 94.0, 95.0, 95.0, 95.0, 92.0, 94.0, 92.0, 94.0, 93.0, 94.0, 92.0, 92.0, 93.0, 93.0, 92.0, 93.0, 92.0, 92.0, 93.0, 92.0, 94.0, 93.0, 93.0, 93.0, 94.0, 92.0, 92.0, 92.0, 93.0, 91.0, 92.0, 92.0, 91.0, 91.0, 92.0, 90.0, 90.0, 91.0, 88.0, 90.0, 91.0, 90.0, 90.0, 90.0, 90.0, 91.0, 91.0, 89.0, 90.0, 91.0, 91.0, 90.0, 90.0, 89.0, 89.0, 90.0, 88.0, 88.0, 89.0, 89.0, 90.0, 87.0, 89.0, 89.0, 86.0, 86.0, 87.0, 88.0, 86.0, 88.0, 88.0, 86.0, 87.0, 87.0, 88.0, 87.0, 87.0, 87.0, 86.0, 86.0, 86.0, 85.0, 86.0, 88.0, 85.0, 85.0, 84.0, 85.0, 85.0, 84.0, 86.0, 85.0, 84.0, 84.0, 84.0, 83.0, 83.0, 83.0, 84.0, 84.0, 83.0, 83.0, 83.0, 82.0, 81.0, 83.0, 83.0, 81.0, 81.0, 80.0, 82.0, 82.0, 80.0, 80.0, 81.0, 79.0, 79.0, 79.0, 80.0, 78.0, 78.0, 79.0, 78.0, 77.0, 78.0, 76.0, 76.0, 76.0, 76.0, 76.0, 74.0, 75.0, 74.0, 75.0, 0.0, 0.0, 0.0, 0.0, 64.0, 74.0, 75.0, 74.0, 72.0, 74.0, 74.0, 75.0, 74.0, 73.0, 75.0, 74.0, 74.0, 72.0, 74.0, 75.0, 75.0, 74.0, 74.0, 73.0, 76.0, 75.0, 76.0, 73.0, 75.0, 74.0, 74.0, 74.0, 75.0, 73.0, 75.0, 74.0, 74.0, 74.0, 74.0, 73.0, 69.0, 64.0, 61.0, 59.0, 58.0, 58.0, 58.0, 58.0, 57.0, 56.0, 57.0, 55.0, 56.0, 54.0, 54.0, 54.0, 54.0, 54.0, 52.0, 53.0, 52.0, 51.0, 50.0, 48.0, 45.0, 45.0, 46.0, 44.0, 0.0, 0.0, 0.0, 0.0, 0.0, 0.0, 0.0, 30.0, 32.0, 28.0, 22.0, 35.0, 49.0, 50.0, 55.0, 56.0, 56.0, 56.0, 56.0, 55.0, 54.0, 50.0, 0.0, 0.0, 0.0, 0.0, 0.0, 0.0, 0.0, 0.0, 0.0, 0.0, 0.0, 0.0, 0.0, 15.0, 29.0, 43.0, 56.0, 58.0, 58.0, 59.0, 58.0, 47.0, 27.0, 44.0, 63.0, 74.0, 132.0, 0.0, 0.0, 164.0, 103.0, 0.0, 0.0, 0.0, 0.0, 0.0, 0.0, 0.0, 0.0, 0.0, 0.0, 0.0, 63.0, 62.0, 59.0, 40.0, 39.0, 38.0, 40.0, 44.0, 48.0, 51.0, 50.0, 44.0, 0.0, 0.0, 0.0, 0.0, 0.0, 0.0, 0.0, 0.0, 0.0, 0.0, 0.0, 0.0, 41.0, 45.0, 0.0, 0.0, 0.0, 0.0, 0.0, 26.0, 30.0, 27.0, 29.0, 35.0, 36.0, 39.0, 33.0, 0.0, 0.0, 0.0, 0.0, 0.0, 64.0, 63.0, 63.0, 60.0, 57.0, 60.0, 62.0, 61.0, 61.0, 61.0, 61.0, 62.0, 62.0, 61.0, 60.0, 61.0, 61.0, 61.0, 61.0, 61.0, 59.0, 60.0, 60.0, 60.0, 60.0, 60.0, 60.0, 60.0, 61.0, 60.0, 60.0, 60.0, 60.0, 61.0, 60.0, 61.0, 61.0, 61.0, 59.0, 59.0, 59.0, 60.0, 60.0, 60.0, 59.0, 61.0, 62.0, 60.0, 60.0, 59.0, 60.0, 58.0, 60.0, 59.0, 59.0, 58.0, 59.0, 59.0, 59.0, 58.0, 59.0, 60.0, 59.0, 60.0, 60.0, 59.0, 58.0, 56.0, 54.0, 43.0, 39.0, 38.0, 40.0, 40.0, 34.0, 29.0, 31.0, 43.0, 53.0, 57.0, 57.0, 56.0, 55.0, 56.0, 56.0, 56.0, 56.0, 55.0, 56.0, 56.0, 55.0, 52.0, 38.0, 0.0, 0.0, 0.0, 0.0, 59.0, 70.0, 71.0, 70.0, 71.0, 69.0, 71.0, 70.0, 72.0, 71.0, 71.0, 71.0, 69.0, 71.0, 70.0, 72.0, 72.0, 71.0, 71.0, 72.0, 71.0, 71.0, 72.0, 72.0, 72.0, 72.0, 74.0, 72.0, 72.0, 73.0, 73.0, 74.0, 73.0, 72.0, 72.0, 74.0, 73.0, 74.0, 73.0, 74.0, 73.0, 74.0, 74.0, 75.0, 75.0, 75.0, 76.0, 75.0, 75.0, 76.0, 76.0, 75.0, 76.0, 78.0, 77.0, 78.0, 78.0, 77.0, 79.0, 78.0, 78.0, 77.0, 76.0, 75.0, 74.0, 75.0, 76.0, 80.0, 81.0, 82.0, 82.0, 82.0, 82.0, 82.0, 82.0, 83.0, 83.0, 82.0, 82.0, 82.0, 83.0, 82.0, 83.0, 83.0, 83.0, 83.0, 83.0, 84.0, 83.0, 84.0, 84.0, 84.0, 84.0]


