[INFO] [1666962633.166112]: header: header: 
  seq: 1010
  stamp: 
    secs: 1666962633
    nsecs: 127194527
  frame_id: "laser"
angle_min: -2.34999990463
angle_max: 2.34999990463
angle_increment: 0.00306796166115
time_increment: 3.25520850311e-05
scan_time: 0.0666666701436
range_min: 0.0500000007451
range_max: 30.0
ranges: [0.17599999904632568, inf, inf, inf, inf, inf, inf, inf, inf, inf, inf, inf, inf, inf, inf, inf, inf, inf, inf, inf, inf, inf, inf, inf, inf, inf, inf, inf, inf, inf, inf, inf, inf, inf, inf, inf, inf, inf, inf, inf, inf, inf, inf, inf, inf, inf, inf, inf, inf, inf, inf, inf, 0.10999999940395355, inf, inf, inf, inf, inf, inf, inf, inf, inf, inf, inf, inf, inf, inf, inf, inf, inf, inf, inf, inf, inf, inf, inf, inf, inf, inf, inf, inf, inf, inf, inf, inf, inf, inf, inf, inf, inf, inf, inf, inf, inf, inf, inf, inf, inf, inf, inf, inf, inf, inf, inf, inf, inf, inf, inf, inf, inf, inf, inf, inf, inf, inf, inf, inf, inf, inf, inf, inf, inf, inf, inf, inf, inf, inf, inf, inf, inf, inf, inf, inf, inf, inf, inf, inf, inf, inf, inf, inf, inf, inf, inf, inf, inf, inf, inf, inf, inf, inf, inf, inf, inf, inf, inf, inf, inf, inf, inf, inf, inf, inf, inf, inf, 0.0860000029206276, 0.08799999952316284, inf, inf, inf, inf, inf, inf, inf, inf, inf, inf, inf, inf, inf, inf, inf, inf, inf, inf, inf, inf, inf, inf, inf, inf, inf, inf, inf, inf, inf, inf, inf, inf, inf, inf, inf, inf, inf, inf, inf, inf, inf, inf, 0.0820000022649765, 0.0820000022649765, inf, inf, inf, inf, inf, inf, inf, inf, inf, inf, inf, inf, inf, inf, inf, inf, inf, inf, inf, inf, inf, inf, inf, inf, inf, inf, inf, inf, inf, inf, inf, inf, inf, inf, inf, inf, inf, inf, inf, inf, inf, inf, inf, inf, inf, inf, inf, inf, inf, inf, inf, inf, inf, inf, inf, inf, inf, inf, inf, inf, inf, inf, inf, inf, inf, inf, inf, inf, inf, inf, inf, inf, inf, inf, inf, inf, inf, inf, inf, inf, inf, inf, inf, inf, inf, 0.10999999940395355, 0.1080000028014183, 0.10599999874830246, 0.1080000028014183, 0.10599999874830246, 0.10599999874830246, inf, inf, inf, inf, inf, inf, inf, inf, inf, inf, inf, inf, 0.20399999618530273, inf, inf, inf, inf, inf, inf, inf, inf, inf, inf, 1.8660000562667847, 1.843999981880188, 1.8480000495910645, 1.8380000591278076, 1.840000033378601, 1.8320000171661377, 1.8240000009536743, 1.809999942779541, 1.815999984741211, 1.8079999685287476, 1.809999942779541, 1.7999999523162842, 1.7899999618530273, 1.7879999876022339, 1.7979999780654907, 1.784000039100647, 1.7740000486373901, 1.7699999809265137, 1.7599999904632568, 1.7599999904632568, 1.7699999809265137, 1.7599999904632568, 1.7419999837875366, 1.7359999418258667, 1.7419999837875366, 1.7400000095367432, 1.7300000190734863, 1.7359999418258667, 1.7300000190734863, 1.7200000286102295, 1.722000002861023, 1.7200000286102295, 1.7000000476837158, 1.694000005722046, 1.7079999446868896, 1.687999963760376, 1.694000005722046, 1.690000057220459, 1.687999963760376, 1.690000057220459, 1.687999963760376, 1.6799999475479126, 1.6679999828338623, 1.6679999828338623, 1.6579999923706055, 1.6660000085830688, 1.6540000438690186, 1.6540000438690186, 1.6480000019073486, 1.649999976158142, 1.6519999504089355, 1.6519999504089355, 1.6519999504089355, inf, inf, inf, inf, 1.6080000400543213, 1.6139999628067017, 1.6100000143051147, 1.6180000305175781, 1.6059999465942383, 1.5959999561309814, 1.6100000143051147, 1.6119999885559082, 1.6019999980926514, 1.593999981880188, 1.5759999752044678, 1.5920000076293945, 1.5820000171661377, 1.5740000009536743, 1.5740000009536743, 1.5759999752044678, 1.5759999752044678, 1.565999984741211, 1.565999984741211, 1.5679999589920044, 1.5540000200271606, 1.5640000104904175, 1.5740000009536743, 1.5440000295639038, 1.5540000200271606, 1.555999994277954, 1.5460000038146973, 1.5420000553131104, 1.5479999780654907, 1.5379999876022339, 1.5379999876022339, 1.5360000133514404, 1.5399999618530273, 1.5199999809265137, 1.5379999876022339, 1.5240000486373901, 1.5119999647140503, 1.5140000581741333, 1.5080000162124634, 1.5160000324249268, 1.5160000324249268, 1.5080000162124634, 1.5160000324249268, 1.5080000162124634, 1.5080000162124634, 1.49399995803833, 1.4880000352859497, 1.5, 1.49399995803833, 1.4980000257492065, 1.4859999418258667, 1.4880000352859497, 1.4800000190734863, 1.4739999771118164, 1.4880000352859497, 1.4819999933242798, 1.4800000190734863, 1.4780000448226929, 1.4819999933242798, 1.465999960899353, 1.472000002861023, 1.4800000190734863, 1.468000054359436, 1.465999960899353, 1.468000054359436, 1.4559999704360962, 1.4639999866485596, 1.465999960899353, 1.4620000123977661, 1.440000057220459, 1.4420000314712524, 1.4420000314712524, 1.4579999446868896, 1.4520000219345093, 1.4500000476837158, 1.444000005722046, 1.4520000219345093, 1.4279999732971191, 1.444000005722046, 1.4279999732971191, 1.4179999828338623, 1.4420000314712524, 1.4279999732971191, 1.4299999475479126, 1.4259999990463257, 1.4279999732971191, 1.4279999732971191, 1.4119999408721924, 1.4299999475479126, 1.4299999475479126, 1.4119999408721924, 1.4220000505447388, 1.4220000505447388, 1.4220000505447388, 1.4220000505447388, 1.4140000343322754, 1.4160000085830688, 1.399999976158142, 1.3980000019073486, 1.4079999923706055, 1.3940000534057617, 1.3980000019073486, 1.3980000019073486, 1.3980000019073486, 1.4140000343322754, 1.3940000534057617, 1.3940000534057617, 1.3980000019073486, 1.3940000534057617, 1.3960000276565552, 1.399999976158142, 1.3960000276565552, 1.3940000534057617, 1.3860000371932983, 1.399999976158142, 1.3880000114440918, 1.3860000371932983, 1.3860000371932983, 1.378000020980835, 1.3880000114440918, 1.3860000371932983, 1.3960000276565552, 1.371999979019165, 1.3860000371932983, 1.378000020980835, 1.371999979019165, 1.3860000371932983, 1.3839999437332153, 1.3739999532699585, 1.3739999532699585, 1.3760000467300415, 1.3739999532699585, 1.3739999532699585, 1.3739999532699585, 1.371999979019165, 1.371999979019165, 1.371999979019165, 1.3700000047683716, 1.3739999532699585, 1.3639999628067017, 1.3680000305175781, 1.3760000467300415, 1.3680000305175781, 1.3639999628067017, 1.3660000562667847, 1.3660000562667847, 1.3480000495910645, 1.3660000562667847, 1.3739999532699585, 1.3660000562667847, 1.3600000143051147, 1.350000023841858, 1.3660000562667847, 1.3700000047683716, 1.3660000562667847, 1.3580000400543213, 1.350000023841858, 1.3639999628067017, 1.3680000305175781, 1.3519999980926514, 1.3519999980926514, 1.3680000305175781, 1.3660000562667847, 1.3619999885559082, 1.3519999980926514, 1.3459999561309814, 1.3459999561309814, 1.3600000143051147, 1.3600000143051147, 1.3580000400543213, 1.3519999980926514, 1.3539999723434448, 1.3459999561309814, 1.3600000143051147, 1.3639999628067017, 1.3519999980926514, 1.3459999561309814, 1.3459999561309814, 1.3459999561309814, 1.3519999980926514, 1.343999981880188, 1.3539999723434448, 1.3600000143051147, 1.3519999980926514, 1.3519999980926514, 1.3480000495910645, 1.3619999885559082, 1.3519999980926514, 1.3680000305175781, 1.3559999465942383, 1.3539999723434448, 1.3519999980926514, 1.3459999561309814, 1.3519999980926514, 1.350000023841858, 1.350000023841858, 1.350000023841858, 1.3519999980926514, 1.3700000047683716, 1.3519999980926514, 1.3519999980926514, 1.3380000591278076, 1.3519999980926514, 1.3519999980926514, 1.3680000305175781, 1.3480000495910645, 1.3619999885559082, 1.3619999885559082, 1.3459999561309814, 1.3519999980926514, 1.350000023841858, 1.3519999980926514, 1.3559999465942383, 1.3619999885559082, 1.3480000495910645, 1.3519999980926514, 1.3459999561309814, 1.3480000495910645, 1.3680000305175781, 1.3480000495910645, 1.3519999980926514, 1.3559999465942383, 1.3519999980926514, 1.3619999885559082, 1.3459999561309814, 1.3700000047683716, 1.3559999465942383, 1.3680000305175781, 1.3619999885559082, 1.3519999980926514, 1.3660000562667847, 1.3539999723434448, 1.3760000467300415, 1.3559999465942383, 1.3700000047683716, 1.3700000047683716, 1.3480000495910645, 1.371999979019165, 1.378000020980835, 1.371999979019165, 1.3700000047683716, 1.3539999723434448, 1.378000020980835, 1.3559999465942383, 1.3619999885559082, 1.3639999628067017, 1.3580000400543213, 1.3519999980926514, 1.3680000305175781, 1.378000020980835, 1.3760000467300415, 1.3700000047683716, 1.3639999628067017, 1.378000020980835, 1.378000020980835, 1.3799999952316284, 1.3700000047683716, 1.3860000371932983, 1.3799999952316284, 1.3760000467300415, 1.3839999437332153, 1.3919999599456787, 1.378000020980835, 1.378000020980835, 1.378000020980835, 1.3919999599456787, 1.3980000019073486, 1.3899999856948853, 1.3799999952316284, 1.3919999599456787, 1.3919999599456787, 1.3899999856948853, 1.3799999952316284, 1.3919999599456787, 1.3860000371932983, 1.3899999856948853, 1.4040000438690186, 1.3980000019073486, 1.4019999504089355, 1.4040000438690186, 1.4079999923706055, 1.409999966621399, 1.4040000438690186, 1.4040000438690186, 1.4019999504089355, 1.409999966621399, 1.4040000438690186, 1.4179999828338623, 1.4079999923706055, 1.406000018119812, 1.4199999570846558, 1.4119999408721924, 1.406000018119812, 1.4179999828338623, 1.4279999732971191, 1.4119999408721924, 1.4119999408721924, 1.434000015258789, 1.434000015258789, 1.4320000410079956, 1.4199999570846558, 1.434000015258789, 1.4359999895095825, 1.434000015258789, 1.434000015258789, 1.440000057220459, 1.4299999475479126, 1.440000057220459, 1.4320000410079956, 1.434000015258789, 1.4579999446868896, 1.440000057220459, 1.4479999542236328, 1.440000057220459, 1.4639999866485596, 1.4620000123977661, 1.4539999961853027, 1.465999960899353, 1.4639999866485596, 1.4539999961853027, 1.4620000123977661, 1.4780000448226929, 1.472000002861023, 1.4700000286102295, 1.4700000286102295, 1.4739999771118164, 1.4700000286102295, 1.4700000286102295, 1.4759999513626099, 1.472000002861023, 1.4739999771118164, 1.4839999675750732, 1.4839999675750732, 1.4880000352859497, 1.4819999933242798, 1.4900000095367432, 1.5019999742507935, 1.4919999837875366, 1.4919999837875366, 1.5119999647140503, 1.496000051498413, 1.5140000581741333, 1.5199999809265137, 1.5099999904632568, 1.5099999904632568, 1.5099999904632568, 1.5119999647140503, 1.5180000066757202, 1.5199999809265137, 1.5260000228881836, 1.5199999809265137, 1.5399999618530273, 1.534000039100647, 1.5499999523162842, 1.5240000486373901, 1.5479999780654907, 1.5379999876022339, 1.555999994277954, 1.5479999780654907, 1.5479999780654907, 1.5540000200271606, 1.562000036239624, 1.5579999685287476, 1.5540000200271606, 1.5720000267028809, 1.5679999589920044, 1.5700000524520874, 1.5679999589920044, 1.5740000009536743, 1.5820000171661377, 1.5759999752044678, 1.5980000495910645, 1.6059999465942383, 1.5839999914169312, 1.5820000171661377, 1.5980000495910645, 1.5980000495910645, 1.6059999465942383, 1.6139999628067017, 1.6299999952316284, 1.6260000467300415, 1.6059999465942383, 1.6180000305175781, 1.6059999465942383, 1.6160000562667847, 1.6260000467300415, 1.6339999437332153, 1.6440000534057617, 1.6360000371932983, 1.6519999504089355, 1.6339999437332153, 1.6419999599456787, 1.6579999923706055, 1.6619999408721924, 1.6619999408721924, 1.6619999408721924, 1.6740000247955322, 1.6679999828338623, 1.684000015258789, 1.684000015258789, 1.684000015258789, 1.6820000410079956, 1.7000000476837158, 1.690000057220459, 1.6979999542236328, 1.7120000123977661, 1.7100000381469727, 1.7120000123977661, 1.7239999771118164, 1.7300000190734863, 1.7259999513626099, 1.7239999771118164, 1.7419999837875366, 1.7400000095367432, 1.746000051498413, 1.746000051498413, 1.746000051498413, 1.7599999904632568, 1.7580000162124634, 1.7619999647140503, 1.7680000066757202, 1.7760000228881836, 1.7699999809265137, 1.7740000486373901, 1.7860000133514404, 1.7979999780654907, 1.805999994277954, 1.7979999780654907, 1.809999942779541, 1.815999984741211, 1.8259999752044678, 1.8240000009536743, 1.815999984741211, 1.840000033378601, 1.8380000591278076, 1.8559999465942383, 1.8600000143051147, 1.8519999980926514, 1.8660000562667847, 1.8600000143051147, 1.8700000047683716, 1.8799999952316284, 1.9019999504089355, 1.8899999856948853, 1.9079999923706055, 1.909999966621399, 1.9079999923706055, 1.9259999990463257, 1.9259999990463257, 1.9160000085830688, 1.9299999475479126, 1.940000057220459, 1.9320000410079956, 1.9459999799728394, 1.9500000476837158, 1.9520000219345093, 1.9539999961853027, 1.9739999771118164, 1.9839999675750732, 1.9819999933242798, 1.9819999933242798, 1.9980000257492065, 2.003999948501587, 2.003999948501587, 2.0320000648498535, 2.0399999618530273, 2.0360000133514404, 2.0339999198913574, 2.0460000038146973, 2.053999900817871, 2.063999891281128, 2.068000078201294, 2.0799999237060547, 2.0799999237060547, 2.1040000915527344, 2.1080000400543213, 2.115999937057495, 2.111999988555908, 2.124000072479248, 2.134000062942505, 2.1459999084472656, 2.134000062942505, 2.1459999084472656, 2.1659998893737793, 2.1640000343322754, 2.1740000247955322, 2.197999954223633, 2.2079999446868896, 2.2060000896453857, 2.2139999866485596, 2.2139999866485596, 2.2360000610351562, 2.2260000705718994, 2.257999897003174, 2.247999906539917, 2.259999990463257, 2.2780001163482666, 2.2820000648498535, 2.309999942779541, 2.308000087738037, 2.318000078201294, 2.3420000076293945, 2.3440001010894775, 2.3420000076293945, 2.359999895095825, 2.369999885559082, 2.3919999599456787, 2.3959999084472656, 2.4000000953674316, 2.421999931335449, 2.4200000762939453, 2.436000108718872, 2.4539999961853027, 2.444000005722046, 2.4760000705718994, 2.4760000705718994, 2.48799991607666, 2.503999948501587, 2.507999897003174, 2.5220000743865967, 2.5380001068115234, 2.5480000972747803, 2.565999984741211, 2.5739998817443848, 2.5880000591278076, 2.5980000495910645, 2.611999988555908, 2.624000072479248, 2.638000011444092, 2.6600000858306885, 2.6700000762939453, 2.684000015258789, 2.700000047683716, 2.7100000381469727, 2.73799991607666, 2.742000102996826, 2.747999906539917, 2.7860000133514404, 2.7939999103546143, 2.7939999103546143, 2.8259999752044678, 2.8459999561309814, 2.8519999980926514, 2.868000030517578, 2.885999917984009, 2.9019999504089355, 2.9200000762939453, 2.930000066757202, 2.9539999961853027, 2.9600000381469727, 2.997999906539917, 3.007999897003174, 3.0320000648498535, 3.0460000038146973, 3.063999891281128, 3.0820000171661377, 3.114000082015991, 3.125999927520752, 3.138000011444092, 3.1579999923706055, 3.187999963760376, 3.2079999446868896, 3.2239999771118164, 3.240000009536743, 3.2699999809265137, 3.2939999103546143, 3.312000036239624, 3.3320000171661377, 3.3559999465942383, 3.374000072479248, 3.4059998989105225, 3.434000015258789, 3.4579999446868896, 3.4600000381469727, 3.502000093460083, 3.5179998874664307, 3.5420000553131104, 3.5859999656677246, 3.6040000915527344, 3.630000114440918, 3.6500000953674316, 3.6740000247955322, 3.7100000381469727, 3.7360000610351562, 3.7820000648498535, 3.7880001068115234, 3.8320000171661377, 3.869999885559082, 3.8980000019073486, 3.931999921798706, 3.9679999351501465, 3.9860000610351562, 4.0279998779296875, inf, inf, inf, 6.366000175476074, 6.361999988555908, 6.361999988555908, 6.340000152587891, 6.3460001945495605, 6.3520002365112305, 6.329999923706055, 6.3420000076293945, 6.328000068664551, 6.317999839782715, 6.311999797821045, 6.306000232696533, 6.297999858856201, 6.283999919891357, 6.276000022888184, 6.2820000648498535, 6.27400016784668, 6.27400016784668, 6.254000186920166, 6.254000186920166, 6.263999938964844, 6.260000228881836, 6.234000205993652, 6.242000102996826, 6.228000164031982, 6.23199987411499, 6.211999893188477, 6.21999979019165, 6.216000080108643, 6.2220001220703125, 6.203999996185303, 6.196000099182129, 6.208000183105469, 6.184000015258789, 6.193999767303467, 6.190000057220459, 6.197999954223633, 6.28000020980835, 6.383999824523926, 6.48199987411499, 6.572000026702881, 6.671999931335449, 6.76800012588501, 6.9019999504089355, 7.001999855041504, 7.104000091552734, 7.23199987411499, 7.3480000495910645, 7.466000080108643, 7.585999965667725, 7.734000205993652, 7.855999946594238, 8.01200008392334, 8.15999984741211, 8.295999526977539, 8.454000473022461, 8.631999969482422, 8.79800033569336, 8.95199966430664, 8.916000366210938, 8.833999633789062, 8.781999588012695, inf, inf, inf, inf, inf, inf, 11.513999938964844, 11.751999855041504, 12.064000129699707, 12.406000137329102, 12.883999824523926, 13.173999786376953, 13.229999542236328, 13.239999771118164, 13.251999855041504, 13.248000144958496, 13.253999710083008, 13.305999755859375, 13.336000442504883, 13.345999717712402, 13.347999572753906, inf, inf, inf, inf, inf, inf, inf, inf, 13.35200023651123, 13.355999946594238, 13.338000297546387, 13.343999862670898, 13.343999862670898, 13.34000015258789, 13.317999839782715, 13.315999984741211, 13.293999671936035, 13.317999839782715, 13.305999755859375, 13.3100004196167, 13.305999755859375, 13.326000213623047, 13.329999923706055, 13.336000442504883, 13.350000381469727, 13.350000381469727, 13.355999946594238, inf, inf, inf, inf, inf, inf, inf, 9.12600040435791, 9.010000228881836, 8.9399995803833, 8.866000175476074, 8.807999610900879, inf, inf, inf, 9.321999549865723, 9.345999717712402, 9.265999794006348, 9.0, 8.956000328063965, 8.949999809265137, 8.920000076293945, 8.906000137329102, 8.918000221252441, 8.895999908447266, 8.90999984741211, 8.89799976348877, 8.920000076293945, 8.923999786376953, 8.90999984741211, 8.946000099182129, inf, inf, inf, inf, inf, inf, inf, inf, inf, inf, inf, 9.40999984741211, 9.465999603271484, 9.46399974822998, 9.45199966430664, 9.460000038146973, 9.496000289916992, 9.489999771118164, 9.48799991607666, 9.486000061035156, 9.5, 9.522000312805176, 9.522000312805176, 9.534000396728516, 9.526000022888184, 9.538000106811523, 9.552000045776367, 9.567999839782715, 9.545999526977539, 9.541999816894531, 9.555999755859375, 9.57800006866455, 9.576000213623047, 9.574000358581543, 9.583999633789062, 9.600000381469727, 9.609999656677246, 9.604000091552734, 9.604000091552734, 9.62399959564209, 9.616000175476074, 9.642000198364258, 9.652000427246094, 9.656000137329102, 9.652000427246094, 9.666000366210938, 9.668000221252441, 9.673999786376953, 9.697999954223633, 9.692000389099121, 9.711999893188477, 9.710000038146973, 9.727999687194824, 9.732000350952148, 9.736000061035156, 9.75, 9.75, 9.776000022888184, 9.772000312805176, 9.779999732971191, 9.800000190734863, 9.788000106811523, 9.812000274658203, 9.8100004196167, 9.821999549865723, 9.819999694824219, 9.84000015258789, 9.850000381469727, 9.859999656677246, 9.868000030517578, 9.881999969482422, 9.890000343322754, 9.894000053405762, 9.911999702453613, 9.916000366210938, 9.947999954223633, 9.95199966430664, 9.946000099182129, 9.954000473022461, 9.968000411987305, 9.982000350952148, 9.98799991607666, 10.0, 10.010000228881836, 10.027999877929688, 10.04800033569336, 10.053999900817871, 10.064000129699707, 10.07800006866455, 10.095999717712402, 10.105999946594238, 10.112000465393066, 10.12600040435791, 10.145999908447266, 10.133999824523926, 10.149999618530273, 10.175999641418457, 10.1899995803833, 10.206000328063965, 10.206000328063965, 10.223999977111816, 10.239999771118164, 10.25, 10.265999794006348, 10.289999961853027, 10.293999671936035, 10.302000045776367, 10.326000213623047, 10.343999862670898, 10.34000015258789, 10.350000381469727, 10.34000015258789, 10.329999923706055, 10.314000129699707, 10.258000373840332, 10.305999755859375, inf, inf, inf, 10.470000267028809, 10.51200008392334, 10.545999526977539, 10.565999984741211, 10.564000129699707, 10.595999717712402, 10.605999946594238, 10.631999969482422, 10.661999702453613, inf, inf, 4.368000030517578, 4.335999965667725, 4.309999942779541, 4.291999816894531, 4.26800012588501, 4.248000144958496, 4.23199987411499, 4.203999996185303, 4.176000118255615, 4.145999908447266, 4.145999908447266, 4.118000030517578, 4.090000152587891, 4.073999881744385, 4.059999942779541, 4.038000106811523, 4.010000228881836, 3.98799991607666, 3.9600000381469727, 3.950000047683716, 3.930000066757202, 3.8980000019073486, 3.9040000438690186, 3.885999917984009, 3.8540000915527344, 3.8440001010894775, 3.828000068664551, 3.802000045776367, 3.802000045776367, 3.7679998874664307, 3.752000093460083, 3.7260000705718994, 3.7100000381469727, 3.696000099182129, 3.677999973297119, 3.6679999828338623, 3.6500000953674316, 3.635999917984009, 3.615999937057495, 3.6040000915527344, 3.5920000076293945, 3.568000078201294, 3.5460000038146973, 3.5460000038146973, 3.5320000648498535, 3.5179998874664307, 3.51200008392334, 3.4839999675750732, 3.4679999351501465, 3.4639999866485596, 3.4639999866485596, 3.440000057220459, 3.4240000247955322, 3.4059998989105225, 3.4119999408721924, 3.385999917984009, 3.3580000400543213, 3.368000030517578, 3.3519999980926514, 3.322000026702881, 3.319999933242798, 3.315999984741211, 3.302000045776367, 3.2739999294281006, 3.257999897003174, 3.25600004196167, 3.253999948501587, 3.2360000610351562, 3.2279999256134033, 3.2139999866485596, 3.2119998931884766, 3.184000015258789, 3.184000015258789, 3.1679999828338623, 3.1659998893737793, 3.1519999504089355, 3.1480000019073486, 3.135999917984009, 3.0999999046325684, 3.1040000915527344, 3.0859999656677246, 3.0940001010894775, 3.0920000076293945, 3.055999994277954, 3.063999891281128, 3.0480000972747803, 3.0360000133514404, 3.0199999809265137, 3.0179998874664307, 3.0220000743865967, 3.01200008392334, 3.0, 2.9820001125335693, 2.9700000286102295, 2.9639999866485596, 2.941999912261963, 2.936000108718872, 2.934000015258789, 2.936000108718872, 2.921999931335449, 2.9059998989105225, 2.9079999923706055, 2.9079999923706055, 2.878000020980835, 2.885999917984009, 2.871999979019165, 2.865999937057495, 2.8440001010894775, 2.8420000076293945, 2.8299999237060547, 2.8499999046325684, 2.8239998817443848, 2.8320000171661377, 2.819999933242798, 2.803999900817871, 2.803999900817871, 2.799999952316284, 2.7939999103546143, 2.7739999294281006, 2.7699999809265137, 2.75, 2.753999948501587, 2.759999990463257, 2.73799991607666, inf, inf, inf, inf, inf, inf, 0.7059999704360962, 0.6859999895095825, 0.6880000233650208, 0.6940000057220459, 0.6740000247955322, 0.6880000233650208, 0.6779999732971191, 0.671999990940094, 0.6759999990463257, 0.656000018119812, 0.6579999923706055, inf, inf, inf, 0.6800000071525574, 0.671999990940094, 0.6639999747276306, 0.671999990940094, inf, inf, inf, 0.6620000004768372, 0.6600000262260437, 0.6679999828338623, inf, inf, inf, 0.6620000004768372, 0.6620000004768372, 0.6499999761581421, 0.6639999747276306, 0.656000018119812, 0.6639999747276306, 0.6639999747276306, 0.6639999747276306, 0.6740000247955322, 0.6639999747276306, 0.6800000071525574, 0.6579999923706055, 0.6639999747276306, 0.6759999990463257, 0.6759999990463257, 0.6819999814033508, 0.671999990940094, 0.6759999990463257, 0.6779999732971191, 0.6759999990463257, 0.6679999828338623, 0.6880000233650208, 0.671999990940094, 0.6679999828338623, 0.6539999842643738, 0.6460000276565552, 0.6340000033378601, 0.6240000128746033, 0.6380000114440918, 0.6259999871253967, 0.6359999775886536, 0.6380000114440918, 0.6499999761581421, 0.6359999775886536, 0.6299999952316284, inf, inf, inf, 0.5879999995231628, 0.5839999914169312, 0.5899999737739563, 0.5759999752044678, 0.5759999752044678, 0.578000009059906, 0.5820000171661377, 0.5720000267028809, 0.5720000267028809, 0.5619999766349792, 0.578000009059906, 0.5699999928474426, 0.5619999766349792, 0.5580000281333923, 0.5559999942779541, 0.5619999766349792, 0.5720000267028809, 0.5699999928474426, 0.5720000267028809, 0.5619999766349792, 0.5580000281333923, 0.5580000281333923, 0.5640000104904175, 0.5640000104904175, 0.5740000009536743, 0.5580000281333923, 0.5640000104904175, 0.5699999928474426, 0.5659999847412109, 0.5580000281333923, 0.5659999847412109, 0.5559999942779541, 0.5699999928474426, 0.5799999833106995, 0.5699999928474426, 0.5799999833106995, 0.578000009059906, 0.5879999995231628, inf, inf, inf, inf, 0.7400000095367432, 0.7319999933242798, 0.7400000095367432, 0.7540000081062317, 0.7459999918937683, 0.765999972820282, 0.7599999904632568, 0.7639999985694885, 0.7680000066757202, 0.7680000066757202, 0.7839999794960022, 0.7900000214576721, 0.7820000052452087, 0.7900000214576721, 0.7900000214576721, 0.7799999713897705, 0.7820000052452087, 0.7820000052452087, 0.7900000214576721, 0.7860000133514404, 0.7860000133514404, 0.7979999780654907, 0.7860000133514404, 0.7940000295639038, 0.7879999876022339, 0.7879999876022339, 0.7960000038146973, 0.7960000038146973, 0.7960000038146973, 0.7940000295639038, 0.777999997138977, 0.7979999780654907, 0.7960000038146973, 0.7919999957084656, 0.7739999890327454, 0.7960000038146973, 0.8080000281333923, 0.7960000038146973, 0.800000011920929, 0.7919999957084656, 0.7979999780654907, 0.7979999780654907, 0.7919999957084656, 0.7739999890327454, 0.7799999713897705]
intensities: [77.0, 0.0, 0.0, 0.0, 0.0, 0.0, 0.0, 0.0, 0.0, 0.0, 0.0, 0.0, 0.0, 0.0, 0.0, 0.0, 0.0, 0.0, 0.0, 0.0, 0.0, 0.0, 0.0, 0.0, 0.0, 0.0, 0.0, 0.0, 0.0, 0.0, 0.0, 0.0, 0.0, 0.0, 0.0, 0.0, 0.0, 0.0, 0.0, 0.0, 0.0, 0.0, 0.0, 0.0, 0.0, 0.0, 0.0, 0.0, 0.0, 0.0, 0.0, 0.0, 80.0, 0.0, 0.0, 0.0, 0.0, 0.0, 0.0, 0.0, 0.0, 0.0, 0.0, 0.0, 0.0, 0.0, 0.0, 0.0, 0.0, 0.0, 0.0, 0.0, 0.0, 0.0, 0.0, 0.0, 0.0, 0.0, 0.0, 0.0, 0.0, 0.0, 0.0, 0.0, 0.0, 0.0, 0.0, 0.0, 0.0, 0.0, 0.0, 0.0, 0.0, 0.0, 0.0, 0.0, 0.0, 0.0, 0.0, 0.0, 0.0, 0.0, 0.0, 0.0, 0.0, 0.0, 0.0, 0.0, 0.0, 0.0, 0.0, 0.0, 0.0, 0.0, 0.0, 0.0, 0.0, 0.0, 0.0, 0.0, 0.0, 0.0, 0.0, 0.0, 0.0, 0.0, 0.0, 0.0, 0.0, 0.0, 0.0, 0.0, 0.0, 0.0, 0.0, 0.0, 0.0, 0.0, 0.0, 0.0, 0.0, 0.0, 0.0, 0.0, 0.0, 0.0, 0.0, 0.0, 0.0, 0.0, 0.0, 0.0, 0.0, 0.0, 0.0, 0.0, 0.0, 0.0, 0.0, 0.0, 0.0, 0.0, 0.0, 0.0, 0.0, 88.0, 87.0, 0.0, 0.0, 0.0, 0.0, 0.0, 0.0, 0.0, 0.0, 0.0, 0.0, 0.0, 0.0, 0.0, 0.0, 0.0, 0.0, 0.0, 0.0, 0.0, 0.0, 0.0, 0.0, 0.0, 0.0, 0.0, 0.0, 0.0, 0.0, 0.0, 0.0, 0.0, 0.0, 0.0, 0.0, 0.0, 0.0, 0.0, 0.0, 0.0, 0.0, 0.0, 0.0, 87.0, 87.0, 0.0, 0.0, 0.0, 0.0, 0.0, 0.0, 0.0, 0.0, 0.0, 0.0, 0.0, 0.0, 0.0, 0.0, 0.0, 0.0, 0.0, 0.0, 0.0, 0.0, 0.0, 0.0, 0.0, 0.0, 0.0, 0.0, 0.0, 0.0, 0.0, 0.0, 0.0, 0.0, 0.0, 0.0, 0.0, 0.0, 0.0, 0.0, 0.0, 0.0, 0.0, 0.0, 0.0, 0.0, 0.0, 0.0, 0.0, 0.0, 0.0, 0.0, 0.0, 0.0, 0.0, 0.0, 0.0, 0.0, 0.0, 0.0, 0.0, 0.0, 0.0, 0.0, 0.0, 0.0, 0.0, 0.0, 0.0, 0.0, 0.0, 0.0, 0.0, 0.0, 0.0, 0.0, 0.0, 0.0, 0.0, 0.0, 0.0, 0.0, 0.0, 0.0, 0.0, 0.0, 0.0, 89.0, 88.0, 87.0, 86.0, 87.0, 85.0, 0.0, 0.0, 0.0, 0.0, 0.0, 0.0, 0.0, 0.0, 0.0, 0.0, 0.0, 0.0, 187.0, 0.0, 0.0, 0.0, 0.0, 0.0, 0.0, 0.0, 0.0, 0.0, 0.0, 179.0, 179.0, 178.0, 178.0, 178.0, 178.0, 174.0, 175.0, 176.0, 176.0, 176.0, 177.0, 177.0, 175.0, 176.0, 175.0, 176.0, 175.0, 178.0, 178.0, 176.0, 176.0, 178.0, 176.0, 178.0, 177.0, 178.0, 176.0, 176.0, 176.0, 175.0, 174.0, 176.0, 175.0, 173.0, 174.0, 174.0, 171.0, 170.0, 171.0, 171.0, 171.0, 167.0, 170.0, 164.0, 164.0, 136.0, 152.0, 136.0, 96.0, 97.0, 97.0, 97.0, 0.0, 0.0, 0.0, 0.0, 94.0, 97.0, 96.0, 96.0, 97.0, 95.0, 98.0, 96.0, 96.0, 96.0, 97.0, 96.0, 95.0, 96.0, 96.0, 96.0, 97.0, 94.0, 97.0, 95.0, 95.0, 97.0, 95.0, 95.0, 95.0, 96.0, 95.0, 95.0, 95.0, 96.0, 95.0, 96.0, 94.0, 97.0, 95.0, 96.0, 96.0, 96.0, 96.0, 96.0, 96.0, 97.0, 95.0, 96.0, 96.0, 96.0, 95.0, 95.0, 96.0, 97.0, 95.0, 95.0, 97.0, 96.0, 95.0, 95.0, 96.0, 95.0, 95.0, 96.0, 96.0, 95.0, 94.0, 98.0, 96.0, 95.0, 96.0, 96.0, 95.0, 96.0, 95.0, 97.0, 95.0, 96.0, 95.0, 96.0, 94.0, 97.0, 96.0, 95.0, 98.0, 96.0, 95.0, 96.0, 96.0, 95.0, 95.0, 96.0, 95.0, 96.0, 95.0, 96.0, 95.0, 94.0, 95.0, 95.0, 95.0, 95.0, 96.0, 94.0, 96.0, 95.0, 96.0, 94.0, 96.0, 95.0, 95.0, 96.0, 96.0, 94.0, 96.0, 95.0, 94.0, 96.0, 96.0, 95.0, 95.0, 94.0, 95.0, 94.0, 94.0, 95.0, 95.0, 96.0, 96.0, 97.0, 94.0, 93.0, 97.0, 95.0, 94.0, 95.0, 95.0, 96.0, 96.0, 94.0, 97.0, 95.0, 95.0, 95.0, 96.0, 95.0, 95.0, 96.0, 96.0, 95.0, 96.0, 96.0, 97.0, 95.0, 95.0, 97.0, 99.0, 96.0, 97.0, 98.0, 97.0, 97.0, 97.0, 96.0, 98.0, 96.0, 98.0, 97.0, 98.0, 96.0, 96.0, 97.0, 96.0, 98.0, 97.0, 98.0, 96.0, 97.0, 98.0, 97.0, 96.0, 98.0, 97.0, 97.0, 98.0, 98.0, 96.0, 97.0, 96.0, 97.0, 98.0, 97.0, 97.0, 98.0, 97.0, 98.0, 98.0, 96.0, 97.0, 97.0, 96.0, 98.0, 98.0, 98.0, 97.0, 98.0, 98.0, 98.0, 99.0, 97.0, 97.0, 98.0, 98.0, 98.0, 96.0, 96.0, 99.0, 97.0, 96.0, 98.0, 99.0, 98.0, 97.0, 97.0, 97.0, 97.0, 97.0, 98.0, 97.0, 97.0, 98.0, 99.0, 98.0, 98.0, 98.0, 97.0, 98.0, 98.0, 99.0, 99.0, 97.0, 100.0, 98.0, 99.0, 98.0, 98.0, 98.0, 98.0, 98.0, 98.0, 98.0, 100.0, 98.0, 98.0, 98.0, 99.0, 97.0, 98.0, 99.0, 97.0, 98.0, 97.0, 101.0, 97.0, 98.0, 97.0, 98.0, 98.0, 98.0, 99.0, 98.0, 98.0, 98.0, 99.0, 97.0, 98.0, 98.0, 97.0, 99.0, 99.0, 98.0, 97.0, 99.0, 97.0, 98.0, 99.0, 98.0, 98.0, 97.0, 98.0, 98.0, 98.0, 97.0, 97.0, 97.0, 96.0, 99.0, 97.0, 98.0, 99.0, 99.0, 98.0, 96.0, 99.0, 97.0, 99.0, 97.0, 98.0, 97.0, 97.0, 98.0, 99.0, 98.0, 100.0, 98.0, 99.0, 97.0, 97.0, 99.0, 98.0, 99.0, 97.0, 98.0, 96.0, 97.0, 100.0, 97.0, 97.0, 96.0, 97.0, 98.0, 96.0, 98.0, 99.0, 98.0, 97.0, 97.0, 96.0, 98.0, 97.0, 97.0, 96.0, 97.0, 98.0, 97.0, 97.0, 97.0, 97.0, 98.0, 96.0, 98.0, 98.0, 97.0, 97.0, 98.0, 97.0, 96.0, 98.0, 96.0, 97.0, 97.0, 96.0, 97.0, 98.0, 96.0, 97.0, 96.0, 97.0, 97.0, 98.0, 97.0, 95.0, 97.0, 98.0, 96.0, 97.0, 97.0, 97.0, 96.0, 96.0, 97.0, 97.0, 96.0, 98.0, 97.0, 96.0, 98.0, 97.0, 96.0, 97.0, 97.0, 98.0, 96.0, 96.0, 96.0, 96.0, 95.0, 95.0, 94.0, 95.0, 96.0, 96.0, 97.0, 94.0, 97.0, 95.0, 98.0, 95.0, 96.0, 94.0, 97.0, 96.0, 95.0, 97.0, 96.0, 96.0, 96.0, 97.0, 96.0, 95.0, 95.0, 96.0, 96.0, 95.0, 95.0, 96.0, 95.0, 96.0, 95.0, 96.0, 94.0, 95.0, 94.0, 94.0, 96.0, 95.0, 96.0, 96.0, 96.0, 95.0, 95.0, 94.0, 94.0, 95.0, 94.0, 94.0, 95.0, 95.0, 94.0, 95.0, 96.0, 93.0, 95.0, 94.0, 96.0, 94.0, 93.0, 94.0, 94.0, 95.0, 95.0, 94.0, 93.0, 93.0, 93.0, 92.0, 95.0, 92.0, 94.0, 93.0, 94.0, 93.0, 93.0, 93.0, 92.0, 94.0, 93.0, 93.0, 94.0, 92.0, 92.0, 93.0, 94.0, 92.0, 94.0, 93.0, 94.0, 92.0, 93.0, 93.0, 91.0, 92.0, 92.0, 92.0, 92.0, 92.0, 91.0, 93.0, 93.0, 90.0, 91.0, 91.0, 92.0, 91.0, 92.0, 92.0, 91.0, 90.0, 92.0, 91.0, 90.0, 90.0, 89.0, 89.0, 90.0, 89.0, 90.0, 90.0, 90.0, 90.0, 89.0, 90.0, 88.0, 88.0, 89.0, 88.0, 88.0, 87.0, 87.0, 87.0, 87.0, 87.0, 87.0, 87.0, 88.0, 87.0, 85.0, 87.0, 85.0, 87.0, 87.0, 85.0, 86.0, 86.0, 85.0, 86.0, 85.0, 84.0, 85.0, 85.0, 83.0, 84.0, 83.0, 84.0, 82.0, 82.0, 82.0, 82.0, 81.0, 82.0, 80.0, 81.0, 81.0, 83.0, 82.0, 81.0, 81.0, 82.0, 81.0, 79.0, 81.0, 79.0, 80.0, 80.0, 78.0, 79.0, 78.0, 77.0, 79.0, 77.0, 77.0, 77.0, 77.0, 77.0, 75.0, 76.0, 76.0, 76.0, 75.0, 76.0, 75.0, 74.0, 75.0, 75.0, 76.0, 76.0, 75.0, 0.0, 0.0, 0.0, 127.0, 75.0, 74.0, 74.0, 75.0, 75.0, 74.0, 74.0, 75.0, 75.0, 75.0, 76.0, 75.0, 75.0, 76.0, 75.0, 75.0, 75.0, 74.0, 75.0, 76.0, 76.0, 74.0, 75.0, 75.0, 77.0, 76.0, 75.0, 75.0, 76.0, 75.0, 77.0, 77.0, 75.0, 74.0, 73.0, 68.0, 67.0, 65.0, 65.0, 63.0, 62.0, 63.0, 63.0, 61.0, 61.0, 63.0, 60.0, 61.0, 60.0, 59.0, 61.0, 58.0, 58.0, 58.0, 57.0, 58.0, 55.0, 53.0, 55.0, 54.0, 42.0, 0.0, 0.0, 0.0, 0.0, 0.0, 0.0, 26.0, 28.0, 29.0, 33.0, 49.0, 51.0, 57.0, 57.0, 58.0, 58.0, 57.0, 57.0, 58.0, 53.0, 40.0, 0.0, 0.0, 0.0, 0.0, 0.0, 0.0, 0.0, 0.0, 20.0, 22.0, 0.0, 0.0, 17.0, 29.0, 43.0, 55.0, 62.0, 63.0, 59.0, 58.0, 55.0, 44.0, 29.0, 36.0, 44.0, 52.0, 54.0, 0.0, 0.0, 0.0, 0.0, 0.0, 0.0, 0.0, 0.0, 10.0, 0.0, 10.0, 13.0, 0.0, 0.0, 0.0, 68.0, 54.0, 34.0, 26.0, 38.0, 42.0, 44.0, 45.0, 49.0, 52.0, 61.0, 60.0, 50.0, 45.0, 45.0, 41.0, 0.0, 0.0, 0.0, 0.0, 0.0, 0.0, 0.0, 0.0, 0.0, 0.0, 0.0, 70.0, 64.0, 61.0, 59.0, 64.0, 65.0, 66.0, 65.0, 64.0, 65.0, 66.0, 67.0, 65.0, 66.0, 67.0, 65.0, 66.0, 66.0, 67.0, 67.0, 64.0, 64.0, 61.0, 63.0, 63.0, 66.0, 64.0, 65.0, 64.0, 65.0, 65.0, 64.0, 64.0, 66.0, 64.0, 64.0, 65.0, 65.0, 64.0, 64.0, 63.0, 63.0, 64.0, 62.0, 64.0, 64.0, 64.0, 62.0, 62.0, 64.0, 63.0, 64.0, 63.0, 63.0, 62.0, 64.0, 62.0, 63.0, 63.0, 63.0, 63.0, 62.0, 63.0, 63.0, 65.0, 62.0, 63.0, 62.0, 63.0, 62.0, 63.0, 62.0, 62.0, 61.0, 62.0, 62.0, 62.0, 61.0, 62.0, 61.0, 62.0, 61.0, 62.0, 62.0, 61.0, 60.0, 60.0, 62.0, 61.0, 61.0, 62.0, 61.0, 60.0, 62.0, 62.0, 61.0, 60.0, 61.0, 59.0, 56.0, 50.0, 41.0, 24.0, 0.0, 0.0, 0.0, 0.0, 0.0, 32.0, 51.0, 58.0, 60.0, 59.0, 60.0, 60.0, 60.0, 117.0, 0.0, 0.0, 73.0, 77.0, 76.0, 76.0, 76.0, 76.0, 76.0, 75.0, 77.0, 76.0, 78.0, 78.0, 76.0, 77.0, 78.0, 77.0, 78.0, 78.0, 77.0, 77.0, 78.0, 77.0, 79.0, 79.0, 79.0, 78.0, 79.0, 77.0, 81.0, 78.0, 80.0, 78.0, 79.0, 80.0, 80.0, 80.0, 79.0, 80.0, 81.0, 80.0, 82.0, 81.0, 80.0, 81.0, 81.0, 80.0, 80.0, 80.0, 81.0, 80.0, 81.0, 81.0, 80.0, 81.0, 81.0, 82.0, 81.0, 82.0, 82.0, 82.0, 81.0, 81.0, 79.0, 77.0, 76.0, 76.0, 78.0, 82.0, 84.0, 84.0, 82.0, 84.0, 81.0, 82.0, 82.0, 83.0, 83.0, 83.0, 82.0, 83.0, 83.0, 83.0, 83.0, 84.0, 85.0, 84.0, 84.0, 84.0, 84.0, 85.0, 84.0, 86.0, 86.0, 85.0, 86.0, 85.0, 85.0, 84.0, 84.0, 85.0, 85.0, 85.0, 85.0, 85.0, 85.0, 87.0, 86.0, 86.0, 85.0, 87.0, 85.0, 87.0, 87.0, 86.0, 86.0, 87.0, 86.0, 86.0, 87.0, 87.0, 89.0, 86.0, 87.0, 85.0, 0.0, 0.0, 0.0, 0.0, 0.0, 0.0, 143.0, 88.0, 91.0, 93.0, 94.0, 97.0, 97.0, 96.0, 99.0, 100.0, 98.0, 0.0, 0.0, 0.0, 99.0, 99.0, 101.0, 101.0, 0.0, 0.0, 0.0, 99.0, 100.0, 100.0, 0.0, 0.0, 0.0, 101.0, 98.0, 100.0, 99.0, 100.0, 99.0, 99.0, 98.0, 99.0, 100.0, 99.0, 99.0, 99.0, 99.0, 99.0, 100.0, 98.0, 99.0, 99.0, 98.0, 97.0, 100.0, 99.0, 97.0, 94.0, 91.0, 87.0, 88.0, 86.0, 87.0, 86.0, 85.0, 83.0, 82.0, 80.0, 0.0, 0.0, 0.0, 86.0, 89.0, 91.0, 91.0, 92.0, 92.0, 94.0, 94.0, 93.0, 94.0, 95.0, 96.0, 95.0, 96.0, 95.0, 95.0, 97.0, 96.0, 97.0, 97.0, 99.0, 95.0, 98.0, 97.0, 98.0, 96.0, 96.0, 95.0, 94.0, 94.0, 94.0, 94.0, 92.0, 94.0, 93.0, 93.0, 94.0, 95.0, 0.0, 0.0, 0.0, 0.0, 116.0, 115.0, 115.0, 112.0, 109.0, 106.0, 106.0, 103.0, 101.0, 103.0, 102.0, 101.0, 100.0, 101.0, 102.0, 101.0, 101.0, 100.0, 100.0, 99.0, 98.0, 98.0, 100.0, 99.0, 100.0, 99.0, 99.0, 97.0, 99.0, 100.0, 100.0, 99.0, 99.0, 100.0, 99.0, 100.0, 101.0, 100.0, 100.0, 99.0, 98.0, 98.0, 99.0, 100.0, 101.0]


